Node: 12	Link: 34
link_idx	src	dst	weight	capacity
0	0	4	1	9920000
1	4	0	1	9920000
2	4	1	1	9920000
3	1	4	1	9920000
4	0	10	1	9920000
5	10	0	1	9920000
6	10	7	1	9920000
7	7	10	1	9920000
8	7	1	1	9920000
9	1	7	1	9920000
10	0	3	1	9920000
11	3	0	1	9920000
12	3	5	1	9920000
13	5	3	1	9920000
14	5	4	1	9920000
15	4	5	1	9920000
16	3	6	1	1492800
17	6	3	1	1492800
18	6	8	1	9920000
19	8	6	1	9920000
20	8	9	1	9920000
21	9	8	1	9920000
22	5	2	1	9920000
23	2	5	1	9920000
24	2	8	1	9920000
25	8	2	1	9920000
26	2	9	1	1492800
27	9	2	1	1492800
28	4	10	1	1492800
29	10	4	1	1492800
30	0	11	1	9920000
31	11	0	1	9920000
32	11	4	1	9920000
33	4	11	1	9920000
