Node: 12	Link: 34
link_idx	src	dst	weight	capacity
0	0	4	1	4960000
1	4	0	1	4960000
2	4	1	1	4960000
3	1	4	1	4960000
4	0	10	1	4960000
5	10	0	1	4960000
6	10	7	1	4960000
7	7	10	1	4960000
8	7	1	1	4960000
9	1	7	1	4960000
10	0	3	1	4960000
11	3	0	1	4960000
12	3	5	1	4960000
13	5	3	1	4960000
14	5	4	1	4960000
15	4	5	1	4960000
16	3	6	1	622000
17	6	3	1	622000
18	6	8	1	4960000
19	8	6	1	4960000
20	8	9	1	4960000
21	9	8	1	4960000
22	5	2	1	4960000
23	2	5	1	4960000
24	2	8	1	4960000
25	8	2	1	4960000
26	2	9	1	622000
27	9	2	1	622000
28	4	10	1	622000
29	10	4	1	622000
30	0	11	1	4960000
31	11	0	1	4960000
32	11	4	1	4960000
33	4	11	1	4960000
