Node: 23	Link: 74
link_idx	src	dst	weight	capacity
0	0	2	1	10000000.0
1	0	6	1	10000000.0
2	0	15	1	10000000.0
3	1	3	1	10000000.0
4	1	6	1	10000000.0
5	1	11	1	10000000.0
6	1	12	1	10000000.0
7	1	17	1	10000000.0
8	1	22	1	10000000.0
9	2	0	1	10000000.0
10	2	9	1	10000000.0
11	2	10	1	10000000.0
12	2	13	1	10000000.0
13	2	20	1	10000000.0
14	3	1	1	10000000.0
15	3	15	1	10000000.0
16	4	7	1	10000000.0
17	4	15	1	10000000.0
18	5	6	1	10000000.0
19	5	18	1	10000000.0
20	6	0	1	10000000.0
21	6	1	1	10000000.0
22	6	5	1	10000000.0
23	6	16	1	10000000.0
24	6	18	1	10000000.0
25	6	20	1	10000000.0
26	7	4	1	10000000.0
27	7	8	1	10000000.0
28	8	7	1	10000000.0
29	8	14	1	10000000.0
30	8	15	1	10000000.0
31	9	2	1	10000000.0
32	9	10	1	10000000.0
33	9	11	1	10000000.0
34	9	15	1	10000000.0
35	9	16	1	10000000.0
36	10	2	1	10000000.0
37	10	9	1	10000000.0
38	11	1	1	10000000.0
39	11	9	1	10000000.0
40	11	21	1	10000000.0
41	12	1	1	10000000.0
42	12	13	1	10000000.0
43	12	16	1	10000000.0
44	12	18	1	10000000.0
45	13	2	1	10000000.0
46	13	12	1	10000000.0
47	14	8	1	10000000.0
48	14	19	1	10000000.0
49	15	0	1	10000000.0
50	15	3	1	10000000.0
51	15	4	1	10000000.0
52	15	8	1	10000000.0
53	15	9	1	10000000.0
54	16	6	1	10000000.0
55	16	9	1	10000000.0
56	16	12	1	10000000.0
57	16	19	1	10000000.0
58	16	22	1	10000000.0
59	17	1	1	10000000.0
60	17	20	1	10000000.0
61	18	5	1	10000000.0
62	18	6	1	10000000.0
63	18	12	1	10000000.0
64	19	14	1	10000000.0
65	19	16	1	10000000.0
66	19	21	1	10000000.0
67	20	2	1	10000000.0
68	20	6	1	10000000.0
69	20	17	1	10000000.0
70	21	11	1	10000000.0
71	21	19	1	10000000.0
72	22	1	1	10000000.0
73	22	16	1	10000000.0
