Node: 22	Link: 72
link_idx	src	dst	weight	capacity
0	0	2	1	10000000
1	0	4	1	10000000
2	0	9	1	10000000
3	0	15	1	2400000
4	0	19	1	2400000
5	1	6	1	2400000
6	1	13	1	155000
7	1	14	1	2400000
8	2	0	1	10000000
9	2	6	1	10000000
10	2	12	1	10000000
11	3	4	1	10000000
12	3	16	1	2400000
13	3	20	1	2400000
14	4	0	1	10000000
15	4	3	1	10000000
16	4	6	1	10000000
17	4	7	1	2400000
18	4	10	1	2400000
19	4	12	1	10000000
20	4	14	1	10000000
21	4	18	1	10000000
22	5	6	1	10000000
23	5	12	1	10000000
24	5	17	1	2400000
25	6	1	1	2400000
26	6	2	1	10000000
27	6	4	1	10000000
28	6	5	1	10000000
29	6	13	1	155000
30	6	21	1	10000000
31	7	4	1	2400000
32	7	12	1	2400000
33	8	9	1	2400000
34	8	19	1	2400000
35	9	0	1	10000000
36	9	8	1	2400000
37	9	20	1	2400000
38	10	4	1	2400000
39	10	21	1	2400000
40	11	12	1	155000
41	11	14	1	155000
42	12	2	1	10000000
43	12	4	1	10000000
44	12	5	1	10000000
45	12	7	1	2400000
46	12	11	1	155000
47	13	1	1	155000
48	13	6	1	155000
49	14	1	1	2400000
50	14	4	1	10000000
51	14	11	1	155000
52	14	21	1	10000000
53	15	0	1	2400000
54	15	21	1	2400000
55	16	3	1	2400000
56	16	18	1	10000000
57	17	5	1	2400000
58	17	21	1	2400000
59	18	4	1	10000000
60	18	16	1	10000000
61	18	21	1	10000000
62	19	0	1	2400000
63	19	8	1	2400000
64	20	3	1	2400000
65	20	9	1	2400000
66	21	6	1	10000000
67	21	10	1	2400000
68	21	14	1	10000000
69	21	15	1	2400000
70	21	17	1	2400000
71	21	18	1	10000000
