Node: 22	Link: 72
link_idx	src	dst	weight	capacity
0	0	2	1	10000000000.0
1	0	4	1	10000000000.0
2	0	9	1	10000000000.0
3	0	15	1	2400000000.0
4	0	19	1	2400000000.0
5	1	6	1	2400000000.0
6	1	13	1	155000000.0
7	1	14	1	2400000000.0
8	2	0	1	10000000000.0
9	2	6	1	10000000000.0
10	2	12	1	10000000000.0
11	3	4	1	10000000000.0
12	3	16	1	2400000000.0
13	3	20	1	2400000000.0
14	4	0	1	10000000000.0
15	4	3	1	10000000000.0
16	4	6	1	10000000000.0
17	4	7	1	2400000000.0
18	4	10	1	2400000000.0
19	4	12	1	10000000000.0
20	4	14	1	10000000000.0
21	4	18	1	10000000000.0
22	5	6	1	10000000000.0
23	5	12	1	10000000000.0
24	5	17	1	2400000000.0
25	6	1	1	2400000000.0
26	6	2	1	10000000000.0
27	6	4	1	10000000000.0
28	6	5	1	10000000000.0
29	6	13	1	155000000.0
30	6	21	1	10000000000.0
31	7	4	1	2400000000.0
32	7	12	1	2400000000.0
33	8	9	1	2400000000.0
34	8	19	1	2400000000.0
35	9	0	1	10000000000.0
36	9	8	1	2400000000.0
37	9	20	1	2400000000.0
38	10	4	1	2400000000.0
39	10	21	1	2400000000.0
40	11	12	1	155000000.0
41	11	14	1	155000000.0
42	12	2	1	10000000000.0
43	12	4	1	10000000000.0
44	12	5	1	10000000000.0
45	12	7	1	2400000000.0
46	12	11	1	155000000.0
47	13	1	1	155000000.0
48	13	6	1	155000000.0
49	14	1	1	2400000000.0
50	14	4	1	10000000000.0
51	14	11	1	155000000.0
52	14	21	1	10000000000.0
53	15	0	1	2400000000.0
54	15	21	1	2400000000.0
55	16	3	1	2400000000.0
56	16	18	1	10000000000.0
57	17	5	1	2400000000.0
58	17	21	1	2400000000.0
59	18	4	1	10000000000.0
60	18	16	1	10000000000.0
61	18	21	1	10000000000.0
62	19	0	1	2400000000.0
63	19	8	1	2400000000.0
64	20	3	1	2400000000.0
65	20	9	1	2400000000.0
66	21	6	1	10000000000.0
67	21	10	1	2400000000.0
68	21	14	1	10000000000.0
69	21	15	1	2400000000.0
70	21	17	1	2400000000.0
71	21	18	1	10000000000.0
