1.9176
1.9405
1.9403
1.9123
1.9584
1.9693
1.9662
1.9436
1.8915
1.8542
1.8160
1.8191
1.8651
1.8383
1.7888
1.7314
1.6861
1.6891
1.6815
1.7081
1.6572
1.6719
1.6113
1.5625
1.5063
1.4897
1.4622
1.4593
1.4840
1.4445
1.4536
1.4882
1.4892
1.4571
1.4399
1.4658
1.5727
1.5832
2.1041
2.0992
2.1011
2.2866
2.3652
2.3461
2.4635
2.4631
2.6126
2.5806
2.6186
2.5482
2.7308
2.6288
2.7412
2.7295
2.5844
2.5439
2.4846
2.6632
2.5999
2.7886
3.0309
3.0807
3.1249
2.9672
2.8386
2.9247
2.7065
3.1207
2.9433
2.7265
2.7652
2.8173
2.7575
2.6315
2.6127
2.4274
2.3705
2.2390
2.0881
2.0602
2.0029
1.9865
2.1745
1.9795
2.0267
1.9954
1.9527
1.9078
1.8971
1.8933
1.8907
1.9158
1.9331
1.9008
1.9095
2.0710
7.0108
2.2392
1.9011
1.9351
1.8921
1.9128
1.8624
1.9004
1.9179
1.8346
1.8093
1.7697
1.7137
1.6987
1.6573
1.6032
1.5568
1.5194
1.5447
1.5445
1.5495
1.5386
1.4864
1.4613
1.4222
1.3971
1.3863
1.3558
1.3179
1.3411
1.3654
1.3273
1.3853
1.4352
1.4083
1.5418
1.7363
1.7902
1.9960
2.1018
2.2675
2.1513
2.2584
2.2782
2.4206
2.3469
2.3285
2.4366
2.7024
2.5529
2.5965
2.6414
2.6498
2.7873
2.8158
2.8444
2.9526
2.7545
2.7590
2.7962
2.7080
2.8772
2.7760
2.6225
2.4683
2.4526
2.4720
2.5616
2.3161
2.2621
2.4595
2.5516
2.3920
2.3964
2.3029
2.1448
2.1497
2.0152
1.9846
1.9745
1.9728
2.0040
2.0070
2.0177
1.9531
1.9372
1.9704
1.9418
1.9260
1.9649
1.9708
1.9801
1.9947
1.9634
1.9936
1.9669
1.9872
1.9401
1.8844
1.9391
1.9501
1.9569
1.9683
1.9402
2.1535
1.8351
1.7818
1.7529
1.7656
1.7458
1.7016
1.7216
1.6965
1.6462
1.6049
1.5453
1.5294
1.5074
1.4672
1.4672
1.4161
1.3987
1.3660
1.3939
1.3622
1.3329
1.3280
1.3347
1.3381
1.3456
1.3329
1.4314
1.4041
1.6028
1.9263
1.8421
1.8534
1.9980
2.1546
2.0617
2.2263
2.3655
2.3831
2.3193
2.3792
2.5489
2.7195
2.6053
2.6140
2.4954
2.4003
2.7552
2.7316
2.7211
2.6654
2.8915
2.9330
2.6999
2.7942
3.0963
2.8535
2.7122
2.6090
2.6089
2.4853
2.3206
2.4971
2.4765
2.5775
2.5555
2.4910
2.2395
2.0677
2.0802
1.9247
1.8992
1.8647
1.9066
1.9181
1.8972
1.8914
1.8577
1.8854
1.8864
1.9334
1.9767
1.9152
1.8877
1.8997
1.9456
1.9263
1.8885
1.9146
1.9124
1.8397
1.8549
1.8343
1.8405
1.8476
1.8091
1.8146
1.8170
1.7730
1.7056
1.6671
1.6458
1.6692
1.5716
1.5326
1.5544
1.5320
1.5506
1.6216
1.5532
1.5400
1.5104
1.4985
1.4789
1.4859
1.4369
1.4289
1.4033
1.3873
1.3723
1.3584
1.3376
1.3474
1.3374
1.3495
1.3528
1.3625
1.3523
1.3271
1.3562
1.4235
1.4947
1.5228
1.5443
1.4700
1.5253
1.5492
1.6019
1.6794
1.7027
1.7067
1.6846
1.6963
1.6975
1.7124
1.7077
1.7382
1.7837
1.7865
1.7717
1.8090
1.8086
1.8309
1.9363
1.9521
1.9840
1.9004
1.8974
1.9093
1.8662
1.7839
1.7762
1.6733
1.5837
1.5931
1.6410
1.6370
1.6237
1.5894
1.6181
1.6105
1.6536
1.6409
1.6580
1.6303
1.6542
1.6922
1.6585
1.6711
1.6532
1.6460
1.6589
1.6357
1.6523
1.6540
1.7388
1.6811
1.6860
1.6510
1.5705
1.5629
1.5293
1.4730
1.4654
1.4593
1.4756
1.5163
1.4891
1.4350
1.4412
1.4095
1.3793
1.3795
1.3928
1.3903
1.3519
1.3674
1.3585
1.2929
1.2626
1.2593
1.2545
1.2029
1.2205
1.2218
1.2033
1.1668
1.1502
1.0914
1.1143
1.1084
1.0896
1.0857
1.0839
1.0689
1.0907
1.1360
1.0908
1.1010
1.1040
1.1525
1.1790
1.2014
1.2577
1.2683
1.2789
1.2692
1.3340
1.3407
1.3671
1.4038
1.3793
1.4368
1.3822
1.3873
1.4353
1.4421
1.4929
1.5288
1.5599
1.5914
1.5337
1.5324
1.4873
1.5058
1.5015
1.4967
1.5110
1.5212
1.5322
1.5677
1.5568
1.5727
1.5551
1.5455
1.5584
1.5214
1.4950
1.5249
1.5050
1.5658
1.4771
1.4977
1.4898
1.5070
1.5297
1.5472
1.5466
1.5048
1.4308
1.3807
1.3825
1.4248
1.4858
1.3801
1.4076
1.3598
1.3382
1.3100
1.3412
1.3159
1.3222
1.2735
1.2716
1.2071
1.1593
1.1529
1.1768
1.2355
1.1813
1.1638
1.1905
1.1212
1.1028
1.1103
1.1230
1.0888
1.0648
1.0665
1.0368
1.0597
1.1054
1.0182
1.0126
1.1129
1.1944
1.2545
1.3213
1.2602
1.2747
1.3538
0.9966
1.6263
1.5814
1.4003
1.5554
1.6078
1.5781
1.7724
1.7116
1.8596
1.8539
1.9325
1.9872
1.9510
2.0700
1.9731
1.9075
1.8519
1.9351
2.0553
2.0570
1.9485
2.0517
2.0360
1.9910
1.9798
2.1622
2.1705
2.0334
2.1228
2.1173
1.9594
1.7599
1.8914
1.5997
1.5836
1.5933
1.4680
1.4625
1.4550
1.3676
1.5460
1.4673
1.4618
1.4431
1.4391
1.4194
1.3935
1.3457
1.3012
1.2925
1.3135
1.3559
1.3833
1.3739
1.3421
1.4109
1.4109
1.3616
1.2850
1.2768
1.2883
1.2936
1.2912
1.2451
1.2087
1.2358
1.2398
1.2091
1.1994
1.1835
1.1314
1.1114
1.1359
1.1309
1.0655
1.0747
1.0486
1.0690
1.0659
1.0348
0.9964
0.9876
0.9803
0.9421
0.9624
0.9452
0.9457
1.0022
1.0699
1.2895
1.3168
1.4315
1.5708
1.8309
1.8267
1.9541
2.0532
2.2300
2.0673
2.1603
2.4403
2.4614
2.3901
2.4255
2.3942
2.4775
2.4617
2.1815
2.2808
2.2207
2.4409
2.5079
2.4386
2.5406
2.5047
2.3904
2.4207
2.4443
2.3978
2.5690
2.4589
2.2194
2.1715
2.0604
2.2030
2.0647
2.1364
2.0874
2.3457
2.0387
2.0475
1.7714
1.9533
1.7780
1.8508
1.6539
1.6593
1.7321
1.5794
1.5707
1.7526
1.6516
1.6504
1.7023
1.6160
1.7771
1.7945
1.4935
1.5687
1.4318
1.4115
1.3728
1.3421
1.3063
1.2731
1.2855
1.2649
1.2608
1.2171
1.2127
1.1977
1.1906
1.1336
1.1333
1.1168
1.1553
1.1173
1.0949
1.0429
1.0487
1.0133
1.0300
1.0319
1.0444
1.0521
1.0573
0.9869
0.9742
0.9839
0.9587
0.9675
0.9236
0.8899
0.9328
0.9671
1.2002
1.3071
1.4105
1.5780
1.7233
1.8282
1.9052
1.9692
1.9481
2.1416
2.1735
2.3912
2.3281
2.2797
2.2705
2.3083
2.1230
2.2981
2.2519
2.2127
2.2795
2.3452
2.2815
2.2326
2.1590
2.1594
2.2323
2.3968
2.4020
2.4462
2.3129
2.1852
2.1080
2.1604
2.2650
2.0539
1.8300
1.8771
1.8585
1.9960
1.9506
1.9374
1.9332
1.8574
1.6913
1.8795
1.7827
1.7489
1.8072
1.8153
1.7146
1.7769
1.5548
1.6186
1.6329
1.5560
1.8908
1.8920
1.8029
1.7151
1.6424
1.5863
1.5745
1.5890
1.6299
1.5909
1.5880
1.5814
1.5334
1.4400
1.3869
1.3857
1.4025
1.3197
1.3323
1.3280
1.3050
1.2955
1.3112
1.2589
1.2632
1.2146
1.2280
1.2577
1.2508
1.2096
1.1878
1.1576
1.1749
1.1911
1.1600
1.1315
1.1485
1.1482
1.1803
1.1281
1.2356
1.5176
1.2994
1.4515
1.7348
1.6882
2.0290
1.9940
2.1729
2.1302
2.2150
2.1591
2.2504
2.1739
2.1539
2.1753
2.4135
2.5385
2.4760
2.1459
2.0849
2.0989
2.1903
2.2789
2.3619
2.5833
2.5027
2.6482
2.4196
2.5722
2.6094
2.4780
2.4845
2.0122
2.1402
2.2824
2.1272
2.3030
2.2146
2.1806
2.1292
2.0892
1.9714
1.9810
1.9832
1.8288
1.8836
1.8310
1.8491
1.8414
1.8308
1.7983
1.7999
1.8327
1.8256
1.8668
1.8751
1.8497
1.8796
1.8546
1.8238
1.8502
1.7868
1.8389
1.8566
1.8446
1.8208
1.7829
1.7459
1.6999
1.6806
1.6631
1.6666
1.6333
1.6331
1.6108
1.6247
1.6155
1.5936
1.6205
1.5645
1.5689
1.5800
1.5932
1.5581
1.5490
1.5129
1.4880
1.4674
1.4673
1.4218
1.4102
1.3892
1.4087
1.3712
1.3315
1.3348
1.3372
1.3621
1.4218
1.6020
1.6954
1.9348
1.8074
1.9829
1.9138
1.9098
1.8339
1.9340
2.0394
2.0684
2.2969
2.1589
2.0842
2.0446
1.8681
2.1018
2.5380
2.4762
2.4034
2.1537
2.2158
2.2331
2.3439
2.2150
2.2558
2.2088
2.1222
2.3527
2.2004
2.1358
1.9264
1.6989
1.6994
1.7745
2.0162
1.8481
1.9500
1.6993
1.7155
1.7623
1.7556
1.7581
1.7330
1.7644
1.7785
1.8027
1.8117
1.8176
1.8208
1.7755
1.7600
1.8552
1.7514
1.7329
1.7806
1.7172
1.6857
1.7025
1.6820
1.7236
1.6980
1.6959
1.6354
1.6582
1.6302
1.6173
1.6228
1.5822
1.5459
1.5211
1.5434
1.5604
1.5830
1.5817
1.5736
1.5643
1.5533
1.5530
1.5551
1.5409
1.5047
1.4792
1.4832
1.4510
1.4437
1.4651
1.4076
1.3897
1.3834
1.3756
1.3697
1.3685
1.3664
1.3936
1.4122
1.4179
1.3864
1.4266
1.4190
1.4277
1.4886
1.5217
1.5311
1.5464
1.5690
1.5589
1.5859
1.6041
1.7472
1.6930
1.6785
1.6560
1.6222
1.6146
1.6192
1.5907
1.5955
1.6750
1.6996
1.7067
1.7508
1.8004
1.7739
1.7521
1.7386
1.7353
1.7063
1.6824
1.7277
1.7631
1.7370
1.7845
1.8131
1.7859
1.7300
1.7236
1.6614
1.6454
1.5926
1.5555
1.5277
1.5769
1.5875
1.6274
1.6467
1.6854
1.6765
1.6421
1.6360
1.5878
1.5910
1.6300
1.6282
1.6096
1.5852
1.5901
1.5570
1.5788
1.5437
1.5313
1.5441
1.5302
1.5046
1.5537
1.5756
1.5324
1.5049
1.4695
1.4131
1.4196
1.4183
1.4323
1.4352
1.4270
1.3848
1.3796
1.3678
1.3768
1.3708
1.3461
1.3341
1.3658
1.3296
1.3536
1.3489
1.3718
1.3647
1.3331
1.3378
1.3578
1.3442
1.3580
1.3885
1.3747
1.3638
1.3643
1.3954
1.3907
1.3993
1.3996
1.4138
1.4068
1.4005
1.4077
1.4320
1.4418
1.4428
1.4192
1.4199
1.4629
1.4282
1.4477
1.4791
1.4992
1.5095
1.5535
1.5532
1.5620
1.5532
1.5199
1.5378
1.5462
1.6378
1.6317
1.6401
1.6136
1.6876
1.6607
1.6462
1.6438
1.6612
1.6096
1.6570
1.6320
1.6287
1.6080
1.6050
1.6768
1.5726
1.5352
1.5138
1.4941
1.4707
1.4574
1.4720
1.4381
1.4248
1.4531
1.5072
1.5179
1.4699
1.4940
1.5388
1.5159
1.5430
1.5015
1.5075
1.4950
1.5046
1.4883
1.4577
1.4431
1.4604
1.4270
1.3634
1.3981
1.4014
1.3755
1.3548
1.3858
1.3283
1.2824
1.2542
1.2449
1.2695
1.1945
1.2311
1.2222
1.2343
1.2199
1.2084
1.2038
1.5667
1.6962
1.7345
1.7147
1.7304
1.8881
2.0652
2.0477
2.1402
2.2176
1.9887
1.9810
2.0704
2.1464
2.2637
2.2442
2.3200
2.4537
2.1781
2.2093
2.3895
2.1461
2.3804
2.4324
2.3008
2.2730
2.2850
2.3415
2.4385
2.1856
2.2822
2.2696
2.1540
2.2111
2.2361
2.3975
2.3616
2.2306
2.2562
2.4299
2.2514
2.0862
2.0473
2.0798
1.8380
1.6830
1.6384
1.7072
1.8402
1.6777
1.7152
1.6971
1.6621
1.6363
1.7070
1.6521
1.5770
1.5548
1.6346
1.5878
1.6200
1.6700
1.6336
1.6273
1.6017
1.6616
1.6368
1.5992
1.6019
1.5733
1.5763
1.5585
1.5605
1.5576
1.5199
1.4964
1.4497
1.4346
1.4180
1.4173
1.3981
1.3632
1.3844
1.3376
1.3301
1.3100
1.2877
1.2522
1.2331
1.2224
1.2160
1.2217
1.2157
1.1768
1.1614
1.1355
1.2702
1.3897
1.3980
1.6608
1.7428
1.9488
2.0989
2.3492
2.5332
2.4502
2.3149
2.3028
2.2431
2.3380
2.4439
2.6747
2.6146
2.6027
2.4663
2.5413
2.5052
2.4497
2.3823
2.5919
2.7162
2.7232
2.6128
2.3583
2.6733
2.4516
2.3672
2.3766
2.4872
2.3037
2.4526
2.3225
2.2604
2.2945
2.2513
2.3772
2.2994
2.2992
2.0962
2.0363
2.0731
2.0091
2.0278
2.0498
2.0972
2.1070
2.0954
2.1050
2.1109
2.1669
2.1821
2.1999
2.2000
2.1348
2.1036
2.1060
2.0649
2.0192
2.0016
2.0102
1.9716
1.9348
1.9418
1.9083
1.9391
1.8855
1.9102
1.8528
1.8375
1.8617
1.8415
1.7806
1.7270
1.7063
1.6996
1.6775
1.6788
1.6642
1.7018
1.6802
1.6123
1.6185
1.6071
1.5924
1.6065
1.6190
1.6320
1.5852
1.5833
1.5784
1.5478
1.5645
1.5428
1.5171
1.5522
1.5806
1.6709
1.5263
1.5195
1.5941
1.7689
1.9367
1.9208
2.0173
2.2470
2.3226
2.3171
2.4868
2.4976
2.3603
2.1724
2.0078
2.1029
2.1791
2.3160
2.2304
2.1167
2.2475
2.2601
2.3905
2.1911
2.2549
2.3617
2.5476
2.5576
2.5974
2.4362
2.1951
2.1910
2.1726
2.3221
2.2646
2.2076
2.2217
2.0244
1.9777
1.9356
1.9629
2.0016
1.9983
2.0160
2.0174
2.0527
2.0684
2.0564
2.0521
2.0615
2.0717
2.0477
2.0971
2.1299
2.0899
2.0553
2.0890
2.1521
2.0250
1.9412
1.9859
2.0182
1.9859
2.0302
2.0318
1.9945
1.9304
1.9393
1.9314
1.9631
1.9277
1.8800
1.8218
1.8018
1.7919
1.8116
1.7721
1.7581
1.7114
1.7260
1.6835
1.6594
1.6283
1.6497
1.6543
1.6425
1.6539
1.6611
1.7498
1.7565
1.7057
1.7037
1.6954
1.6931
1.7374
1.9515
1.9819
2.1078
2.2804
2.4422
2.4836
2.4722
2.4439
2.4631
2.6731
2.6134
2.6988
2.7706
2.5384
2.4033
2.6352
2.5630
2.5022
2.3111
2.6278
2.6785
2.5515
2.6192
2.6639
2.6795
2.5608
2.6012
2.4455
2.3931
2.4021
2.3280
2.2329
2.2744
2.3401
2.3788
2.2059
2.2294
2.2621
2.2975
2.2473
2.2537
2.2840
2.2479
2.2428
2.2895
2.2431
2.2144
2.2584
2.2469
2.1971
2.2327
2.3126
2.3124
2.2714
2.3104
2.3303
2.2811
2.2580
2.1860
2.1963
2.1672
2.1448
2.0925
2.0892
2.0455
2.0749
2.1054
2.0679
2.0466
2.0680
2.0468
2.0328
1.9992
1.9881
1.9593
1.9698
1.9491
1.9374
1.9190
1.9276
1.9097
1.9412
1.9308
1.9212
1.9233
1.9025
1.8900
1.8975
1.8771
1.8167
1.8625
1.8355
1.7648
1.7688
1.8184
1.9124
2.0678
1.9934
1.8458
2.0686
1.9559
1.9810
2.1843
2.2540
2.2176
2.1323
2.2566
2.3833
2.6194
2.6771
2.9429
2.7782
2.5411
2.4769
2.6673
2.4379
2.4193
2.3898
2.3396
2.4341
2.6283
3.1051
2.7584
2.5656
2.5798
2.2590
2.1952
2.2006
2.1638
2.2186
2.1836
2.2302
2.2021
2.3006
2.3486
2.2477
2.2240
2.1996
2.1982
2.1458
2.1493
2.1767
2.2086
2.2354
2.2164
2.1762
2.1469
2.1299
2.1626
2.1369
2.1245
2.1672
2.0762
2.0731
2.0948
2.1040
2.0854
2.0739
2.0233
1.9895
2.0050
2.0328
2.0849
2.0822
2.0284
1.9706
1.9282
1.8811
1.8716
1.8353
1.8172
1.8171
1.8109
1.7850
1.7933
1.8009
1.7828
1.7250
1.6893
1.6378
1.6437
1.6316
1.6252
1.5965
1.6033
1.6361
1.6192
1.6264
1.6703
1.6419
1.6100
1.5964
1.6125
1.6180
1.6659
1.6922
1.7845
1.7987
1.7548
1.7358
1.7348
1.7892
1.8407
1.8914
1.9239
1.8894
1.9342
1.9566
1.9318
1.9226
1.9342
1.8827
1.9296
1.9085
1.9165
1.9606
1.9063
1.9566
1.9743
1.9803
1.9643
1.9914
1.9954
1.9152
1.9353
2.0127
1.9996
1.9749
2.0269
1.8731
2.1239
2.0163
1.9889
1.9960
2.0019
2.0522
1.9985
1.9974
1.9761
1.9861
2.0024
2.0139
2.0074
1.9948
1.9409
1.9245
1.9255
1.9358
1.9555
1.9435
1.9737
1.9042
1.8734
1.8850
1.9049
1.8936
1.9211
1.8975
1.8677
1.8905
1.8754
1.8649
1.8006
1.7601
1.7309
1.7785
1.7301
1.7477
1.7239
1.7487
1.7524
1.7326
1.6798
1.7018
1.6584
1.6240
1.6405
1.6619
1.6474
1.6185
1.5846
1.5966
1.6189
1.5757
1.4887
1.4599
1.4547
1.4414
1.4473
1.4598
1.5016
1.5177
1.5136
1.5465
1.5531
1.6117
1.6788
1.7119
1.7247
1.7160
1.7397
1.8164
1.8300
1.8035
1.8100
1.8130
1.8376
1.8453
1.8368
1.8511
1.8271
1.8503
1.9039
1.9119
1.9770
1.9821
1.9538
1.8841
1.8801
1.9174
1.9264
1.8653
1.9144
1.9538
1.9598
1.9866
1.9780
1.9665
2.0292
2.0058
1.9426
1.9437
1.9836
1.9487
2.0508
2.0568
2.0897
2.1119
2.1412
2.0454
2.0282
1.9979
1.9811
1.9636
1.9096
1.9063
1.9181
1.9126
1.9247
1.8650
1.8174
1.8626
1.8258
1.7534
1.8053
1.7995
1.7800
1.8015
1.7262
1.7249
1.7604
1.6946
1.7233
1.6337
1.6153
1.6010
1.6515
1.5997
1.6236
1.5349
1.5886
1.5183
1.5169
1.5275
1.4983
1.4815
1.4632
1.4562
1.4997
1.4883
1.4436
1.4433
1.4575
1.4652
1.5462
1.5942
1.8838
1.7743
1.7450
1.7987
1.8110
1.9884
2.2213
2.1046
2.3914
2.4309
2.1966
2.2388
2.1515
2.0215
2.2536
2.1605
2.3115
2.5388
2.4536
2.3634
2.4511
2.2449
2.2696
2.3653
2.4474
2.4872
2.3982
2.2360
2.1821
2.0822
1.9954
2.0304
2.1370
2.2335
2.2606
1.9178
1.8703
1.8602
1.8575
1.8901
1.9083
1.8998
1.8578
1.8842
1.8705
1.9048
1.8849
1.9247
1.8797
1.9014
1.8872
2.0477
2.0622
2.0168
2.0479
2.0953
2.0884
2.0283
1.9957
2.0031
1.9552
1.9628
1.8845
1.9013
1.8351
1.8366
1.7938
1.8169
1.8359
1.8309
1.7870
1.7984
1.7793
1.7729
1.6730
1.6936
1.6669
1.6686
1.6175
1.6064
1.6348
1.6090
1.6141
1.4942
1.5347
1.5527
1.5661
1.5486
1.5377
1.5287
1.5156
1.4897
1.5278
1.5817
1.5845
1.6252
1.6611
1.6839
1.7650
1.9946
1.8629
1.9372
2.1897
2.2337
2.2824
2.2710
2.3730
2.4707
2.5384
2.5790
2.5344
2.7926
2.5486
2.5509
2.5539
2.6578
2.5690
2.6147
2.6035
2.5903
2.7044
2.7228
2.8482
2.7264
2.5554
2.5560
2.5549
2.5560
2.6213
2.6415
2.7552
2.6429
2.6348
2.6875
2.6394
2.6370
2.6422
2.6287
2.6551
2.6547
2.6653
2.6653
2.7227
2.7554
2.6775
2.7161
2.7431
2.7043
2.6974
2.6638
2.7116
2.6845
2.7270
2.7330
2.7509
2.7929
2.7950
2.7823
2.7133
2.7021
2.6479
2.6223
2.6120
2.6317
2.5771
2.5591
2.5573
2.5350
2.4977
2.4392
2.4196
2.4062
2.3553
2.2948
2.2880
2.2484
2.2494
2.2438
2.2591
2.2250
2.2428
2.2286
2.2136
2.1940
2.1991
2.1489
2.1698
2.1615
2.1653
2.1175
2.1299
2.1354
2.1791
2.2481
2.2702
2.2999
2.4074
2.4251
2.4327
2.4717
2.4891
2.6569
2.4753
2.4388
2.6334
2.4783
2.5505
2.5477
2.5185
2.4591
2.4300
2.5135
2.6458
2.6447
2.6531
2.6788
2.7848
2.7373
2.7517
2.7833
2.7888
2.7987
2.7543
2.7282
2.7305
2.6370
2.6144
2.5929
2.5953
2.5682
2.4622
2.4359
2.5036
2.5115
2.5500
2.4998
2.5119
2.5887
2.6310
2.5533
2.5190
2.5195
2.5306
2.5660
2.4805
2.4675
2.4581
2.4638
2.4050
2.3916
2.4540
2.4881
2.4174
2.4442
2.4507
2.4364
2.4744
2.4644
2.4268
2.3758
2.3124
2.2953
2.3057
2.2640
2.3123
2.3154
2.3069
2.3068
2.2638
2.2663
2.2272
2.1736
2.1731
2.1610
2.1570
2.1445
2.1438
2.1710
2.1844
2.1626
2.1318
2.1193
2.0480
2.0074
1.9944
1.9861
1.9554
1.9630
1.9090
2.0249
2.0194
